i 0
j 1
dp [
0 0 3 0 
0 0 0 0 
0 0 0 0 
0 0 0 0 
]
i 0
j 2
dp [
0 0 3 5 
0 0 0 0 
0 0 0 0 
0 0 3 0 
]
i 1
j 0
dp [
0 0 3 5 
0 0 0 0 
3 0 0 0 
0 0 3 0 
]
i 1
j 2
dp [
0 0 3 5 
0 0 0 2 
3 0 0 0 
0 0 5 0 
]
i 2
j 0
dp [
0 0 3 5 
0 0 0 2 
3 0 0 3 
5 0 5 0 
]
i 2
j 1
dp [
0 0 3 5 
0 0 0 2 
3 0 0 5 
5 2 5 0 
]
i 0
j 1
dp [
0 0 1 0 0 0 
0 0 0 0 0 0 
0 0 0 0 0 0 
0 0 0 0 0 0 
0 0 0 0 0 0 
0 0 0 0 0 0 
]
i 0
j 2
dp [
0 0 1 2 0 0 
0 0 0 0 0 0 
0 0 0 0 0 0 
0 0 1 0 0 0 
0 0 0 0 0 0 
0 0 0 0 0 0 
]
i 0
j 3
dp [
0 0 1 2 3 0 
0 0 0 0 0 0 
0 0 0 0 0 0 
0 0 1 0 0 0 
0 0 0 2 0 0 
0 0 0 0 0 0 
]
i 0
j 4
dp [
0 0 1 2 3 4 
0 0 0 0 0 0 
0 0 0 0 0 0 
0 0 1 0 0 0 
0 0 0 2 0 0 
0 0 0 0 3 0 
]
i 1
j 0
dp [
0 0 1 2 3 4 
0 0 0 0 0 0 
1 0 0 0 0 0 
0 0 1 0 0 0 
0 0 0 2 0 0 
0 0 0 0 3 0 
]
i 1
j 2
dp [
0 0 1 2 3 4 
0 0 0 1 0 0 
1 0 0 0 0 0 
0 0 2 0 0 0 
0 0 0 2 0 0 
0 0 0 0 3 0 
]
i 1
j 3
dp [
0 0 1 2 3 4 
0 0 0 1 2 0 
1 0 0 0 0 0 
0 0 2 0 0 0 
0 0 0 4 0 0 
0 0 0 0 3 0 
]
i 1
j 4
dp [
0 0 1 2 3 4 
0 0 0 1 2 3 
1 0 0 0 0 0 
0 0 2 0 0 0 
0 0 0 4 0 0 
0 0 0 0 6 0 
]
i 2
j 0
dp [
0 0 1 2 3 4 
0 0 0 1 2 3 
1 0 0 1 0 0 
2 0 2 0 0 0 
0 0 0 4 0 0 
0 0 0 0 6 0 
]
i 2
j 1
dp [
0 0 1 2 3 4 
0 0 0 1 2 3 
1 0 0 2 0 0 
2 1 2 0 0 0 
0 0 0 4 0 0 
0 0 0 0 6 0 
]
i 2
j 3
dp [
0 0 1 2 3 4 
0 0 0 1 2 3 
1 0 0 2 3 0 
2 1 2 0 0 0 
0 0 0 4 0 0 
0 0 0 0 6 0 
]
i 2
j 4
dp [
0 0 1 2 3 4 
0 0 0 1 2 3 
1 0 0 2 3 4 
2 1 2 0 0 0 
0 0 0 4 0 0 
0 0 0 0 6 0 
]
i 3
j 0
dp [
0 0 1 2 3 4 
0 0 0 1 2 3 
1 0 0 2 3 4 
2 1 2 0 2 0 
3 0 0 4 0 0 
0 0 0 0 6 0 
]
i 3
j 1
dp [
0 0 1 2 3 4 
0 0 0 1 2 3 
1 0 0 2 3 4 
2 1 2 0 4 0 
3 2 0 4 0 0 
0 0 0 0 6 0 
]
i 3
j 2
dp [
0 0 1 2 3 4 
0 0 0 1 2 3 
1 0 0 2 3 4 
2 1 2 0 4 0 
3 2 3 4 0 0 
0 0 0 0 6 0 
]
i 3
j 4
dp [
0 0 1 2 3 4 
0 0 0 1 2 3 
1 0 0 2 3 4 
2 1 2 0 4 5 
3 2 3 4 0 0 
0 0 0 0 6 0 
]
i 4
j 0
dp [
0 0 1 2 3 4 
0 0 0 1 2 3 
1 0 0 2 3 4 
2 1 2 0 4 5 
3 2 3 4 0 3 
4 0 0 0 6 0 
]
i 4
j 1
dp [
0 0 1 2 3 4 
0 0 0 1 2 3 
1 0 0 2 3 4 
2 1 2 0 4 5 
3 2 3 4 0 6 
4 3 0 0 6 0 
]
i 4
j 2
dp [
0 0 1 2 3 4 
0 0 0 1 2 3 
1 0 0 2 3 4 
2 1 2 0 4 5 
3 2 3 4 0 6 
4 3 4 0 6 0 
]
i 4
j 3
dp [
0 0 1 2 3 4 
0 0 0 1 2 3 
1 0 0 2 3 4 
2 1 2 0 4 5 
3 2 3 4 0 6 
4 3 4 5 6 0 
]
i 0
j 1
dp [
0 0 9 
0 0 0 
0 0 0 
]
i 1
j 0
dp [
0 0 9 
0 0 0 
9 0 0 
]
time taken : 0.005758 secs
