100
863 399 886 9213 296
394 167 395 1460 473
308 233 358 5425 283
192 314 877 6221 53
689 453 856 8824 307
605 254 898 1480 229
912 394 338 3636 360
241 457 577 4669 227
809 35 635 6669 9
446 309 338 9810 89
923 99 431 8542 3
978 238 490 432 226
680 150 35 6328 427
418 23 563 5105 354
134 172 267 107 126
489 258 282 5406 439
583 66 596 1373 342
61 314 932 7495 373
709 384 815 8824 384
130 360 504 5795 33
279 470 434 4724 76
129 65 426 1297 101
262 319 905 1045 488
614 471 826 8993 50
201 8 76 98 269
422 23 979 4823 264
733 105 313 7758 235
405 181 901 1291 123
287 74 998 3358 281
429 93 519 3096 376
424 107 61 2298 191
89 490 977 7428 364
892 29 215 620 128
601 174 676 8477 202
349 306 998 7324 124
118 221 52 2392 52
809 166 112 1835 380
289 339 472 1161 307
22 500 395 9225 386
932 449 752 3657 122
932 320 187 6066 412
82 125 25 4834 371
398 236 221 5073 1
494 499 489 4109 64
452 237 422 6637 144
703 469 421 6814 20
728 33 189 8571 76
701 28 939 5723 66
195 480 952 4469 31
458 255 821 7086 135
590 308 481 9776 410
244 287 574 6528 491
34 154 961 7428 40
87 241 351 5307 254
527 237 283 546 193
346 438 286 7247 396
77 248 967 2320 146
318 209 609 5532 55
715 308 84 4978 78
127 271 601 2194 7
275 103 274 3216 17
153 231 655 2823 346
279 159 320 6566 414
498 240 154 992 245
598 382 206 5361 497
370 70 102 3778 266
801 349 451 802 323
190 155 561 1266 125
408 365 742 7477 261
536 32 425 3103 401
735 150 729 7654 418
275 451 428 8496 30
721 409 53 5918 393
376 403 487 9590 436
670 316 896 1351 344
914 234 475 2410 356
158 13 183 6285 415
121 276 209 4680 490
249 461 668 5143 218
588 81 702 1890 22
397 485 351 8634 397
605 438 149 1088 152
674 454 8 1882 193
933 335 51 6249 102
537 214 409 2206 427
296 481 509 6993 343
11 459 274 5122 241
327 284 12 7470 164
36 17 851 6264 388
115 17 163 7602 131
412 283 193 9683 95
652 237 488 7476 62
282 316 690 7571 307
807 351 945 4956 182
62 144 369 4550 66
439 89 100 8918 326
945 144 568 935 242
257 154 404 9662 227
460 147 24 7858 190
729 90 504 7505 122