95
34 364 723 1252 60
18 199 935 5428 68
42 148 848 4078 143
44 205 39 2562 335
13 39 200 5128 433
62 270 892 1738 72
63 107 113 8792 128
97 363 669 5048 37
60 164 230 3921 250
43 84 196 3727 331
14 119 985 1579 207
51 499 615 4986 224
38 499 121 1021 208
62 166 909 6073 75
20 204 120 8274 158
95 157 124 1220 438
2 284 826 9852 50
19 129 760 79 303
48 483 845 9916 455
83 295 118 8066 402
72 319 744 5601 229
59 63 877 5800 244
85 114 315 3307 120
6 335 900 8925 4
16 13 299 960 13
75 152 876 6981 116
40 444 39 617 240
11 112 729 331 198
0 410 658 8876 175
92 331 289 8212 69
79 166 714 826 404
31 168 684 2048 389
48 472 631 9950 280
69 21 92 4654 204
9 341 149 8215 258
34 435 307 519 14
98 252 971 5958 108
14 337 677 1868 258
2 68 724 1770 263
67 438 687 6094 462
35 416 961 4603 490
35 136 666 3132 476
45 55 929 8770 19
72 388 257 9359 355
26 388 781 811 415
85 444 437 1601 92
23 72 696 7227 431
53 302 995 1818 409
57 38 224 8343 265
60 277 288 5696 399
3 45 31 4530 335
93 216 492 9557 252
50 154 779 2592 407
0 131 836 6847 269
57 192 938 9091 451
34 150 434 4329 114
11 76 887 376 41
52 239 527 8795 44
68 307 566 999 231
31 117 584 4652 421
58 289 115 7434 56
56 460 472 7054 139
76 207 416 7328 81
57 98 301 2092 185
88 265 952 4064 451
38 135 627 3801 178
35 162 663 7106 278
96 24 95 1855 3
4 418 519 9203 336
69 121 199 2644 89
26 35 390 8880 303
3 281 26 8903 1
84 443 650 7612 98
15 133 563 4633 74
45 136 990 9686 156
41 441 803 6727 170
78 4 204 2404 399
74 88 200 2297 434
35 140 32 4314 308
20 212 366 8387 362
59 234 261 2663 84
14 423 367 3604 373
47 460 199 2086 158
46 311 189 6764 311
60 80 814 6765 414
94 326 493 6557 41
39 444 498 2023 102
42 271 766 6579 489
56 105 189 68 444
15 189 954 9431 172
80 117 766 5621 207
92 435 300 7049 58
11 242 727 771 190
73 412 342 7180 242
24 178 211 1476 97