255448
185444
86414
10176
211523
138545
328320
54707
7281
39694
2769
221028
240500
144993
16884
211232
198834
22281
272256
4290
21204
12921
127687
30700
53808
110444
169135
49815
80026
159889
77876
32396
113978
121066
43276
6136
303996
88723
8492
113704
381040
10250
398
31616
65088
14060
53393
46038
6045
61830
239860
117560
1360
21903
101711
137016
11242
17490
55770
889
4675
52478
110406
121980
294216
91168
258723
23750
106488
212353
304550
8250
283353
163309
230452
324774
51902
54582
54282
12936
157609
91960
130082
95166
228234
101528
2651
53628
11371
9821
39140
40424
86574
146874
4092
122021
228592
56660
73339
88490
